       N       E                     dE             d eps       ncg     rms          rms(c)
DAV:   1    -0.516195095861E+01   -0.51620E+01   -0.11378E+01  7488   0.105E+01
DAV:   2    -0.525574485000E+01   -0.93794E-01   -0.93793E-01  5118   0.641E+00
DAV:   3    -0.525586817118E+01   -0.12332E-03   -0.12331E-03  5604   0.249E-01
DAV:   4    -0.525586835291E+01   -0.18173E-06   -0.18220E-06  4146   0.978E-03
   1 F= -.52558684E+01 E0= -.52558661E+01  d E =-.456205E-05
